{
 "cells": [
  {
   "cell_type": "code",
   "execution_count": 1,
   "id": "6202e37a",
   "metadata": {},
   "outputs": [],
   "source": [
    "# def createVocab( docList):\n",
    "#     vocab = {}\n",
    "#     for doc in docList:\n",
    "#         print(doc)\n",
    "#         doc= doc.translate(str.maketrans('', '', string.punctuation))\n",
    "        \n",
    "#         words= word_tokenize(doc.lower())\n",
    "#         for word in words:\n",
    "#             if(word in vocab.keys()):\n",
    "#                 vocab[word] = vocab[word] +1\n",
    "#             else:\n",
    "#                 vocab[word] =1 \n",
    "#     return vocab\n",
    "\n",
    "# vocab = createVocab(docs)\n",
    "\n",
    "# #Compute document term matrix as well idf for each term \n",
    "\n",
    "# termDict={}\n",
    "\n",
    "\n",
    "# docsTFMat = np.zeros((len(docs),len(vocab)))\n",
    "\n",
    "# docsIdfMat = np.zeros((len(vocab),len(docs)))\n",
    "\n",
    "# docTermDf = pd.DataFrame(docsTFMat ,columns=sorted(vocab.keys()))\n",
    "# docCount=0\n",
    "# for doc in docs:\n",
    "#     doc= doc.translate(str.maketrans('', '', string.punctuation))\n",
    "#     words= word_tokenize(doc.lower())\n",
    "#     for word in words:\n",
    "#         if(word in vocab.keys()):\n",
    "#           docTermDf[word][docCount] = docTermDf[word][docCount] +1\n",
    "          \n",
    "#     docCount = docCount +1\n",
    "         \n",
    "    \n",
    "# #Computed idf for each word in vocab\n",
    "# idfDict={}\n",
    "\n",
    "# for column in docTermDf.columns:\n",
    "#     idfDict[column]= np.log((len(docs) +1 )/(1+ (docTermDf[column] != 0).sum()))+1\n",
    "    \n",
    "# #compute tf.idf matrix\n",
    "# docsTfIdfMat = np.zeros((len(docs),len(vocab)))\n",
    "# docTfIdfDf = pd.DataFrame(docsTfIdfMat ,columns=sorted(vocab.keys()))\n",
    "\n",
    "\n",
    "\n",
    "# docCount = 0\n",
    "# for doc in docs:\n",
    "#     for key in idfDict.keys():\n",
    "#         docTfIdfDf[key][docCount] = docTermDf[key][docCount] * idfDict[key]\n",
    "#     docCount = docCount +1 \n",
    "    \n",
    "# print(docTfIdfDf)"
   ]
  },
  {
   "cell_type": "code",
   "execution_count": 47,
   "id": "71952615",
   "metadata": {},
   "outputs": [],
   "source": [
    "from nltk.tokenize import word_tokenize\n",
    "\n",
    "import numpy as np\n",
    "import string\n",
    "import pandas as pd\n",
    "\n",
    "\n",
    "# docs=[ 'condensed consolidated statements of operations',\n",
    "# 'consolidated income statement',\n",
    "# 'consolidated income statements',\n",
    "# 'consolidated profit and loss account',\n",
    "# 'consolidated statement of comprehensive income',\n",
    "# 'consolidated statement of profit and loss',\n",
    "# 'consolidated statements of income',\n",
    "# 'consolidated statements of operations',\n",
    "# 'group statement of comprehensive income',\n",
    "# 'statement of comprehensive income',\n",
    "# 'statement of financial activities for the year ended',\n",
    "# 'statemnent of profit and loss for the year ended',\n",
    "# 'unaudited condensed consolidated statements of loss',\n",
    "#      'consolidated statements of comprehensive loss income']\n",
    "\n",
    "# docs = ['balance sheet as on' ,\n",
    "# 'balance sheets',\n",
    "# 'condensed consolidated balance sheets',\n",
    "# 'condensed consolidated statements of financial position',\n",
    "# 'consolidated and company balance sheets',\n",
    "# 'consolidated balance sheet',\n",
    "# 'consolidated balance sheets',\n",
    "# 'consolidated balance sheets (unaudited)',\n",
    "# 'consolidated condensed balance sheets',\n",
    "# 'consolidated statement of financial position',\n",
    "# 'consolidated statements of financial condition',\n",
    "# 'consolidated statements of financial position (unaudited)',\n",
    "# 'group statement of financial position',\n",
    "# 'statement of financial position',\n",
    "# 'statement of financial position as at',\n",
    "# 'unaudited condensed consolidated balance sheets',\n",
    "#        'consolidated statements of comprehensive loss income']\n",
    "          \n",
    "docs = ['condensed consolidated statements of cash flows',\n",
    "'condensed consolidated statements of cash flows unaudited',\n",
    "'consolidated cash flow statement',\n",
    "'consolidated condensed statements of cash flows',\n",
    "'consolidated statement of cash flows',\n",
    "'consolidated statements of cash flows',\n",
    "'consolidated statements of cash flows unaudited',\n",
    "'consolidated statements of cash flows unaudited',\n",
    "'group statement of cash flows',\n",
    "'statement of cash flow',\n",
    "'statement of cash flows for the year ended' ,\n",
    "'statement of cash flows for the year ended',\n",
    "'statement of consolidated cash flows',\n",
    "'unaudited condensed consolidated statements of cash flows',\n",
    "       'consolidated statements of comprehensive loss income']"
   ]
  },
  {
   "cell_type": "code",
   "execution_count": 48,
   "id": "8da31a11",
   "metadata": {},
   "outputs": [
    {
     "data": {
      "text/plain": [
       "<15x17 sparse matrix of type '<class 'numpy.float64'>'\n",
       "\twith 88 stored elements in Compressed Sparse Row format>"
      ]
     },
     "execution_count": 48,
     "metadata": {},
     "output_type": "execute_result"
    }
   ],
   "source": [
    "## Use TfidfVectorizer to perfom the same\n",
    "\n",
    "\n",
    "from sklearn.feature_extraction.text import TfidfVectorizer\n",
    "from sklearn.metrics.pairwise import cosine_similarity\n",
    "\n",
    "vectorizer = TfidfVectorizer(analyzer='word',norm=None, use_idf=True,smooth_idf=True)\n",
    "tfIdfMat  = vectorizer.fit_transform(docs)\n",
    "tfIdfMat"
   ]
  },
  {
   "cell_type": "code",
   "execution_count": 49,
   "id": "23f4239c",
   "metadata": {},
   "outputs": [
    {
     "data": {
      "text/plain": [
       "['cash',\n",
       " 'comprehensive',\n",
       " 'condensed',\n",
       " 'consolidated',\n",
       " 'ended',\n",
       " 'flow',\n",
       " 'flows',\n",
       " 'for',\n",
       " 'group',\n",
       " 'income',\n",
       " 'loss',\n",
       " 'of',\n",
       " 'statement',\n",
       " 'statements',\n",
       " 'the',\n",
       " 'unaudited',\n",
       " 'year']"
      ]
     },
     "execution_count": 49,
     "metadata": {},
     "output_type": "execute_result"
    }
   ],
   "source": [
    "feature_names = sorted(vectorizer.get_feature_names())\n",
    "feature_names"
   ]
  },
  {
   "cell_type": "code",
   "execution_count": 50,
   "id": "c6fce47e",
   "metadata": {},
   "outputs": [
    {
     "data": {
      "text/html": [
       "<div>\n",
       "<style scoped>\n",
       "    .dataframe tbody tr th:only-of-type {\n",
       "        vertical-align: middle;\n",
       "    }\n",
       "\n",
       "    .dataframe tbody tr th {\n",
       "        vertical-align: top;\n",
       "    }\n",
       "\n",
       "    .dataframe thead th {\n",
       "        text-align: right;\n",
       "    }\n",
       "</style>\n",
       "<table border=\"1\" class=\"dataframe\">\n",
       "  <thead>\n",
       "    <tr style=\"text-align: right;\">\n",
       "      <th></th>\n",
       "      <th>cash</th>\n",
       "      <th>comprehensive</th>\n",
       "      <th>condensed</th>\n",
       "      <th>consolidated</th>\n",
       "      <th>ended</th>\n",
       "      <th>flow</th>\n",
       "      <th>flows</th>\n",
       "      <th>for</th>\n",
       "      <th>group</th>\n",
       "      <th>income</th>\n",
       "      <th>loss</th>\n",
       "      <th>of</th>\n",
       "      <th>statement</th>\n",
       "      <th>statements</th>\n",
       "      <th>the</th>\n",
       "      <th>unaudited</th>\n",
       "      <th>year</th>\n",
       "    </tr>\n",
       "  </thead>\n",
       "  <tbody>\n",
       "    <tr>\n",
       "      <th>Doc 1</th>\n",
       "      <td>1.064539</td>\n",
       "      <td>0.000000</td>\n",
       "      <td>2.163151</td>\n",
       "      <td>1.287682</td>\n",
       "      <td>0.000000</td>\n",
       "      <td>0.000000</td>\n",
       "      <td>1.207639</td>\n",
       "      <td>0.000000</td>\n",
       "      <td>0.000000</td>\n",
       "      <td>0.000000</td>\n",
       "      <td>0.000000</td>\n",
       "      <td>1.064539</td>\n",
       "      <td>0.000000</td>\n",
       "      <td>1.575364</td>\n",
       "      <td>0.000000</td>\n",
       "      <td>0.000000</td>\n",
       "      <td>0.000000</td>\n",
       "    </tr>\n",
       "    <tr>\n",
       "      <th>Doc 10</th>\n",
       "      <td>1.064539</td>\n",
       "      <td>0.000000</td>\n",
       "      <td>2.163151</td>\n",
       "      <td>1.287682</td>\n",
       "      <td>0.000000</td>\n",
       "      <td>0.000000</td>\n",
       "      <td>1.207639</td>\n",
       "      <td>0.000000</td>\n",
       "      <td>0.000000</td>\n",
       "      <td>0.000000</td>\n",
       "      <td>0.000000</td>\n",
       "      <td>1.064539</td>\n",
       "      <td>0.000000</td>\n",
       "      <td>1.575364</td>\n",
       "      <td>0.000000</td>\n",
       "      <td>2.163151</td>\n",
       "      <td>0.000000</td>\n",
       "    </tr>\n",
       "    <tr>\n",
       "      <th>Doc 11</th>\n",
       "      <td>1.064539</td>\n",
       "      <td>0.000000</td>\n",
       "      <td>0.000000</td>\n",
       "      <td>1.287682</td>\n",
       "      <td>0.000000</td>\n",
       "      <td>2.673976</td>\n",
       "      <td>0.000000</td>\n",
       "      <td>0.000000</td>\n",
       "      <td>0.000000</td>\n",
       "      <td>0.000000</td>\n",
       "      <td>0.000000</td>\n",
       "      <td>0.000000</td>\n",
       "      <td>1.693147</td>\n",
       "      <td>0.000000</td>\n",
       "      <td>0.000000</td>\n",
       "      <td>0.000000</td>\n",
       "      <td>0.000000</td>\n",
       "    </tr>\n",
       "    <tr>\n",
       "      <th>Doc 12</th>\n",
       "      <td>1.064539</td>\n",
       "      <td>0.000000</td>\n",
       "      <td>2.163151</td>\n",
       "      <td>1.287682</td>\n",
       "      <td>0.000000</td>\n",
       "      <td>0.000000</td>\n",
       "      <td>1.207639</td>\n",
       "      <td>0.000000</td>\n",
       "      <td>0.000000</td>\n",
       "      <td>0.000000</td>\n",
       "      <td>0.000000</td>\n",
       "      <td>1.064539</td>\n",
       "      <td>0.000000</td>\n",
       "      <td>1.575364</td>\n",
       "      <td>0.000000</td>\n",
       "      <td>0.000000</td>\n",
       "      <td>0.000000</td>\n",
       "    </tr>\n",
       "    <tr>\n",
       "      <th>Doc 13</th>\n",
       "      <td>1.064539</td>\n",
       "      <td>0.000000</td>\n",
       "      <td>0.000000</td>\n",
       "      <td>1.287682</td>\n",
       "      <td>0.000000</td>\n",
       "      <td>0.000000</td>\n",
       "      <td>1.207639</td>\n",
       "      <td>0.000000</td>\n",
       "      <td>0.000000</td>\n",
       "      <td>0.000000</td>\n",
       "      <td>0.000000</td>\n",
       "      <td>1.064539</td>\n",
       "      <td>1.693147</td>\n",
       "      <td>0.000000</td>\n",
       "      <td>0.000000</td>\n",
       "      <td>0.000000</td>\n",
       "      <td>0.000000</td>\n",
       "    </tr>\n",
       "    <tr>\n",
       "      <th>Doc 14</th>\n",
       "      <td>1.064539</td>\n",
       "      <td>0.000000</td>\n",
       "      <td>0.000000</td>\n",
       "      <td>1.287682</td>\n",
       "      <td>0.000000</td>\n",
       "      <td>0.000000</td>\n",
       "      <td>1.207639</td>\n",
       "      <td>0.000000</td>\n",
       "      <td>0.000000</td>\n",
       "      <td>0.000000</td>\n",
       "      <td>0.000000</td>\n",
       "      <td>1.064539</td>\n",
       "      <td>0.000000</td>\n",
       "      <td>1.575364</td>\n",
       "      <td>0.000000</td>\n",
       "      <td>0.000000</td>\n",
       "      <td>0.000000</td>\n",
       "    </tr>\n",
       "    <tr>\n",
       "      <th>Doc 15</th>\n",
       "      <td>1.064539</td>\n",
       "      <td>0.000000</td>\n",
       "      <td>0.000000</td>\n",
       "      <td>1.287682</td>\n",
       "      <td>0.000000</td>\n",
       "      <td>0.000000</td>\n",
       "      <td>1.207639</td>\n",
       "      <td>0.000000</td>\n",
       "      <td>0.000000</td>\n",
       "      <td>0.000000</td>\n",
       "      <td>0.000000</td>\n",
       "      <td>1.064539</td>\n",
       "      <td>0.000000</td>\n",
       "      <td>1.575364</td>\n",
       "      <td>0.000000</td>\n",
       "      <td>2.163151</td>\n",
       "      <td>0.000000</td>\n",
       "    </tr>\n",
       "    <tr>\n",
       "      <th>Doc 2</th>\n",
       "      <td>1.064539</td>\n",
       "      <td>0.000000</td>\n",
       "      <td>0.000000</td>\n",
       "      <td>1.287682</td>\n",
       "      <td>0.000000</td>\n",
       "      <td>0.000000</td>\n",
       "      <td>1.207639</td>\n",
       "      <td>0.000000</td>\n",
       "      <td>0.000000</td>\n",
       "      <td>0.000000</td>\n",
       "      <td>0.000000</td>\n",
       "      <td>1.064539</td>\n",
       "      <td>0.000000</td>\n",
       "      <td>1.575364</td>\n",
       "      <td>0.000000</td>\n",
       "      <td>2.163151</td>\n",
       "      <td>0.000000</td>\n",
       "    </tr>\n",
       "    <tr>\n",
       "      <th>Doc 3</th>\n",
       "      <td>1.064539</td>\n",
       "      <td>0.000000</td>\n",
       "      <td>0.000000</td>\n",
       "      <td>0.000000</td>\n",
       "      <td>0.000000</td>\n",
       "      <td>0.000000</td>\n",
       "      <td>1.207639</td>\n",
       "      <td>0.000000</td>\n",
       "      <td>3.079442</td>\n",
       "      <td>0.000000</td>\n",
       "      <td>0.000000</td>\n",
       "      <td>1.064539</td>\n",
       "      <td>1.693147</td>\n",
       "      <td>0.000000</td>\n",
       "      <td>0.000000</td>\n",
       "      <td>0.000000</td>\n",
       "      <td>0.000000</td>\n",
       "    </tr>\n",
       "    <tr>\n",
       "      <th>Doc 4</th>\n",
       "      <td>1.064539</td>\n",
       "      <td>0.000000</td>\n",
       "      <td>0.000000</td>\n",
       "      <td>0.000000</td>\n",
       "      <td>0.000000</td>\n",
       "      <td>2.673976</td>\n",
       "      <td>0.000000</td>\n",
       "      <td>0.000000</td>\n",
       "      <td>0.000000</td>\n",
       "      <td>0.000000</td>\n",
       "      <td>0.000000</td>\n",
       "      <td>1.064539</td>\n",
       "      <td>1.693147</td>\n",
       "      <td>0.000000</td>\n",
       "      <td>0.000000</td>\n",
       "      <td>0.000000</td>\n",
       "      <td>0.000000</td>\n",
       "    </tr>\n",
       "    <tr>\n",
       "      <th>Doc 5</th>\n",
       "      <td>1.064539</td>\n",
       "      <td>0.000000</td>\n",
       "      <td>0.000000</td>\n",
       "      <td>0.000000</td>\n",
       "      <td>2.673976</td>\n",
       "      <td>0.000000</td>\n",
       "      <td>1.207639</td>\n",
       "      <td>2.673976</td>\n",
       "      <td>0.000000</td>\n",
       "      <td>0.000000</td>\n",
       "      <td>0.000000</td>\n",
       "      <td>1.064539</td>\n",
       "      <td>1.693147</td>\n",
       "      <td>0.000000</td>\n",
       "      <td>2.673976</td>\n",
       "      <td>0.000000</td>\n",
       "      <td>2.673976</td>\n",
       "    </tr>\n",
       "    <tr>\n",
       "      <th>Doc 6</th>\n",
       "      <td>1.064539</td>\n",
       "      <td>0.000000</td>\n",
       "      <td>0.000000</td>\n",
       "      <td>0.000000</td>\n",
       "      <td>2.673976</td>\n",
       "      <td>0.000000</td>\n",
       "      <td>1.207639</td>\n",
       "      <td>2.673976</td>\n",
       "      <td>0.000000</td>\n",
       "      <td>0.000000</td>\n",
       "      <td>0.000000</td>\n",
       "      <td>1.064539</td>\n",
       "      <td>1.693147</td>\n",
       "      <td>0.000000</td>\n",
       "      <td>2.673976</td>\n",
       "      <td>0.000000</td>\n",
       "      <td>2.673976</td>\n",
       "    </tr>\n",
       "    <tr>\n",
       "      <th>Doc 7</th>\n",
       "      <td>1.064539</td>\n",
       "      <td>0.000000</td>\n",
       "      <td>0.000000</td>\n",
       "      <td>1.287682</td>\n",
       "      <td>0.000000</td>\n",
       "      <td>0.000000</td>\n",
       "      <td>1.207639</td>\n",
       "      <td>0.000000</td>\n",
       "      <td>0.000000</td>\n",
       "      <td>0.000000</td>\n",
       "      <td>0.000000</td>\n",
       "      <td>1.064539</td>\n",
       "      <td>1.693147</td>\n",
       "      <td>0.000000</td>\n",
       "      <td>0.000000</td>\n",
       "      <td>0.000000</td>\n",
       "      <td>0.000000</td>\n",
       "    </tr>\n",
       "    <tr>\n",
       "      <th>Doc 8</th>\n",
       "      <td>1.064539</td>\n",
       "      <td>0.000000</td>\n",
       "      <td>2.163151</td>\n",
       "      <td>1.287682</td>\n",
       "      <td>0.000000</td>\n",
       "      <td>0.000000</td>\n",
       "      <td>1.207639</td>\n",
       "      <td>0.000000</td>\n",
       "      <td>0.000000</td>\n",
       "      <td>0.000000</td>\n",
       "      <td>0.000000</td>\n",
       "      <td>1.064539</td>\n",
       "      <td>0.000000</td>\n",
       "      <td>1.575364</td>\n",
       "      <td>0.000000</td>\n",
       "      <td>2.163151</td>\n",
       "      <td>0.000000</td>\n",
       "    </tr>\n",
       "    <tr>\n",
       "      <th>Doc 9</th>\n",
       "      <td>0.000000</td>\n",
       "      <td>3.079442</td>\n",
       "      <td>0.000000</td>\n",
       "      <td>1.287682</td>\n",
       "      <td>0.000000</td>\n",
       "      <td>0.000000</td>\n",
       "      <td>0.000000</td>\n",
       "      <td>0.000000</td>\n",
       "      <td>0.000000</td>\n",
       "      <td>3.079442</td>\n",
       "      <td>3.079442</td>\n",
       "      <td>1.064539</td>\n",
       "      <td>0.000000</td>\n",
       "      <td>1.575364</td>\n",
       "      <td>0.000000</td>\n",
       "      <td>0.000000</td>\n",
       "      <td>0.000000</td>\n",
       "    </tr>\n",
       "  </tbody>\n",
       "</table>\n",
       "</div>"
      ],
      "text/plain": [
       "            cash  comprehensive  condensed  consolidated     ended      flow  \\\n",
       "Doc 1   1.064539       0.000000   2.163151      1.287682  0.000000  0.000000   \n",
       "Doc 10  1.064539       0.000000   2.163151      1.287682  0.000000  0.000000   \n",
       "Doc 11  1.064539       0.000000   0.000000      1.287682  0.000000  2.673976   \n",
       "Doc 12  1.064539       0.000000   2.163151      1.287682  0.000000  0.000000   \n",
       "Doc 13  1.064539       0.000000   0.000000      1.287682  0.000000  0.000000   \n",
       "Doc 14  1.064539       0.000000   0.000000      1.287682  0.000000  0.000000   \n",
       "Doc 15  1.064539       0.000000   0.000000      1.287682  0.000000  0.000000   \n",
       "Doc 2   1.064539       0.000000   0.000000      1.287682  0.000000  0.000000   \n",
       "Doc 3   1.064539       0.000000   0.000000      0.000000  0.000000  0.000000   \n",
       "Doc 4   1.064539       0.000000   0.000000      0.000000  0.000000  2.673976   \n",
       "Doc 5   1.064539       0.000000   0.000000      0.000000  2.673976  0.000000   \n",
       "Doc 6   1.064539       0.000000   0.000000      0.000000  2.673976  0.000000   \n",
       "Doc 7   1.064539       0.000000   0.000000      1.287682  0.000000  0.000000   \n",
       "Doc 8   1.064539       0.000000   2.163151      1.287682  0.000000  0.000000   \n",
       "Doc 9   0.000000       3.079442   0.000000      1.287682  0.000000  0.000000   \n",
       "\n",
       "           flows       for     group    income      loss        of  statement  \\\n",
       "Doc 1   1.207639  0.000000  0.000000  0.000000  0.000000  1.064539   0.000000   \n",
       "Doc 10  1.207639  0.000000  0.000000  0.000000  0.000000  1.064539   0.000000   \n",
       "Doc 11  0.000000  0.000000  0.000000  0.000000  0.000000  0.000000   1.693147   \n",
       "Doc 12  1.207639  0.000000  0.000000  0.000000  0.000000  1.064539   0.000000   \n",
       "Doc 13  1.207639  0.000000  0.000000  0.000000  0.000000  1.064539   1.693147   \n",
       "Doc 14  1.207639  0.000000  0.000000  0.000000  0.000000  1.064539   0.000000   \n",
       "Doc 15  1.207639  0.000000  0.000000  0.000000  0.000000  1.064539   0.000000   \n",
       "Doc 2   1.207639  0.000000  0.000000  0.000000  0.000000  1.064539   0.000000   \n",
       "Doc 3   1.207639  0.000000  3.079442  0.000000  0.000000  1.064539   1.693147   \n",
       "Doc 4   0.000000  0.000000  0.000000  0.000000  0.000000  1.064539   1.693147   \n",
       "Doc 5   1.207639  2.673976  0.000000  0.000000  0.000000  1.064539   1.693147   \n",
       "Doc 6   1.207639  2.673976  0.000000  0.000000  0.000000  1.064539   1.693147   \n",
       "Doc 7   1.207639  0.000000  0.000000  0.000000  0.000000  1.064539   1.693147   \n",
       "Doc 8   1.207639  0.000000  0.000000  0.000000  0.000000  1.064539   0.000000   \n",
       "Doc 9   0.000000  0.000000  0.000000  3.079442  3.079442  1.064539   0.000000   \n",
       "\n",
       "        statements       the  unaudited      year  \n",
       "Doc 1     1.575364  0.000000   0.000000  0.000000  \n",
       "Doc 10    1.575364  0.000000   2.163151  0.000000  \n",
       "Doc 11    0.000000  0.000000   0.000000  0.000000  \n",
       "Doc 12    1.575364  0.000000   0.000000  0.000000  \n",
       "Doc 13    0.000000  0.000000   0.000000  0.000000  \n",
       "Doc 14    1.575364  0.000000   0.000000  0.000000  \n",
       "Doc 15    1.575364  0.000000   2.163151  0.000000  \n",
       "Doc 2     1.575364  0.000000   2.163151  0.000000  \n",
       "Doc 3     0.000000  0.000000   0.000000  0.000000  \n",
       "Doc 4     0.000000  0.000000   0.000000  0.000000  \n",
       "Doc 5     0.000000  2.673976   0.000000  2.673976  \n",
       "Doc 6     0.000000  2.673976   0.000000  2.673976  \n",
       "Doc 7     0.000000  0.000000   0.000000  0.000000  \n",
       "Doc 8     1.575364  0.000000   2.163151  0.000000  \n",
       "Doc 9     1.575364  0.000000   0.000000  0.000000  "
      ]
     },
     "execution_count": 50,
     "metadata": {},
     "output_type": "execute_result"
    }
   ],
   "source": [
    "docList=['Doc 1','Doc 2','Doc 3','Doc 4','Doc 5','Doc 6','Doc 7','Doc 8','Doc 9','Doc 10',\\\n",
    "         'Doc 11','Doc 12','Doc 13','Doc 14','Doc 15']\n",
    "#, 'doc 15', 'doc 16', 'doc 17'\n",
    "skDocsTfIdfdf = pd.DataFrame(tfIdfMat.todense(),index=sorted(docList),  columns=feature_names)\n",
    "skDocsTfIdfdf"
   ]
  },
  {
   "cell_type": "code",
   "execution_count": 51,
   "id": "64ef6ef7",
   "metadata": {},
   "outputs": [
    {
     "data": {
      "text/plain": [
       "array([[1.        , 0.85341606, 0.22021855, 1.        , 0.52915906,\n",
       "        0.79181767, 0.62697522, 0.62697522, 0.26231561, 0.18258951,\n",
       "        0.17728446, 0.17728446, 0.52915906, 0.85341606, 0.25638613],\n",
       "       [0.85341606, 1.        , 0.18793805, 0.85341606, 0.45159284,\n",
       "        0.67574991, 0.85341606, 0.85341606, 0.22386436, 0.15582482,\n",
       "        0.1512974 , 0.1512974 , 0.45159284, 1.        , 0.21880404],\n",
       "       [0.22021855, 0.18793805, 1.        , 0.22021855, 0.55043522,\n",
       "        0.27811775, 0.22021855, 0.22021855, 0.27876859, 0.88894764,\n",
       "        0.1884041 , 0.1884041 , 0.55043522, 0.18793805, 0.07978392],\n",
       "       [1.        , 0.85341606, 0.22021855, 1.        , 0.52915906,\n",
       "        0.79181767, 0.62697522, 0.62697522, 0.26231561, 0.18258951,\n",
       "        0.17728446, 0.17728446, 0.52915906, 0.85341606, 0.25638613],\n",
       "       [0.52915906, 0.45159284, 0.55043522, 0.52915906, 1.        ,\n",
       "        0.66828398, 0.52915906, 0.52915906, 0.57240339, 0.50993112,\n",
       "        0.38685545, 0.38685545, 1.        , 0.45159284, 0.16735543],\n",
       "       [0.79181767, 0.67574991, 0.27811775, 0.79181767, 0.66828398,\n",
       "        1.        , 0.79181767, 0.79181767, 0.33128285, 0.2305954 ,\n",
       "        0.22389556, 0.22389556, 0.66828398, 0.67574991, 0.3237944 ],\n",
       "       [0.62697522, 0.85341606, 0.22021855, 0.62697522, 0.52915906,\n",
       "        0.79181767, 1.        , 1.        , 0.26231561, 0.18258951,\n",
       "        0.17728446, 0.17728446, 0.52915906, 0.85341606, 0.25638613],\n",
       "       [0.62697522, 0.85341606, 0.22021855, 0.62697522, 0.52915906,\n",
       "        0.79181767, 1.        , 1.        , 0.26231561, 0.18258951,\n",
       "        0.17728446, 0.17728446, 0.52915906, 0.85341606, 0.25638613],\n",
       "       [0.26231561, 0.22386436, 0.27876859, 0.26231561, 0.57240339,\n",
       "        0.33128285, 0.26231561, 0.26231561, 1.        , 0.36531039,\n",
       "        0.27714001, 0.27714001, 0.57240339, 0.22386436, 0.04867389],\n",
       "       [0.18258951, 0.15582482, 0.88894764, 0.18258951, 0.50993112,\n",
       "        0.2305954 , 0.18258951, 0.18258951, 0.36531039, 1.        ,\n",
       "        0.24689287, 0.24689287, 0.50993112, 0.15582482, 0.055681  ],\n",
       "       [0.17728446, 0.1512974 , 0.1884041 , 0.17728446, 0.38685545,\n",
       "        0.22389556, 0.17728446, 0.17728446, 0.27714001, 0.24689287,\n",
       "        1.        , 1.        , 0.38685545, 0.1512974 , 0.03289596],\n",
       "       [0.17728446, 0.1512974 , 0.1884041 , 0.17728446, 0.38685545,\n",
       "        0.22389556, 0.17728446, 0.17728446, 0.27714001, 0.24689287,\n",
       "        1.        , 1.        , 0.38685545, 0.1512974 , 0.03289596],\n",
       "       [0.52915906, 0.45159284, 0.55043522, 0.52915906, 1.        ,\n",
       "        0.66828398, 0.52915906, 0.52915906, 0.57240339, 0.50993112,\n",
       "        0.38685545, 0.38685545, 1.        , 0.45159284, 0.16735543],\n",
       "       [0.85341606, 1.        , 0.18793805, 0.85341606, 0.45159284,\n",
       "        0.67574991, 0.85341606, 0.85341606, 0.22386436, 0.15582482,\n",
       "        0.1512974 , 0.1512974 , 0.45159284, 1.        , 0.21880404],\n",
       "       [0.25638613, 0.21880404, 0.07978392, 0.25638613, 0.16735543,\n",
       "        0.3237944 , 0.25638613, 0.25638613, 0.04867389, 0.055681  ,\n",
       "        0.03289596, 0.03289596, 0.16735543, 0.21880404, 1.        ]])"
      ]
     },
     "execution_count": 51,
     "metadata": {},
     "output_type": "execute_result"
    }
   ],
   "source": [
    "#compute cosine similarity\n",
    "csim = cosine_similarity(tfIdfMat,tfIdfMat)\n",
    "csim"
   ]
  },
  {
   "cell_type": "code",
   "execution_count": 52,
   "id": "f02430ae",
   "metadata": {},
   "outputs": [
    {
     "data": {
      "text/html": [
       "<div>\n",
       "<style scoped>\n",
       "    .dataframe tbody tr th:only-of-type {\n",
       "        vertical-align: middle;\n",
       "    }\n",
       "\n",
       "    .dataframe tbody tr th {\n",
       "        vertical-align: top;\n",
       "    }\n",
       "\n",
       "    .dataframe thead th {\n",
       "        text-align: right;\n",
       "    }\n",
       "</style>\n",
       "<table border=\"1\" class=\"dataframe\">\n",
       "  <thead>\n",
       "    <tr style=\"text-align: right;\">\n",
       "      <th></th>\n",
       "      <th>Doc 1</th>\n",
       "      <th>Doc 10</th>\n",
       "      <th>Doc 11</th>\n",
       "      <th>Doc 12</th>\n",
       "      <th>Doc 13</th>\n",
       "      <th>Doc 14</th>\n",
       "      <th>Doc 15</th>\n",
       "      <th>Doc 2</th>\n",
       "      <th>Doc 3</th>\n",
       "      <th>Doc 4</th>\n",
       "      <th>Doc 5</th>\n",
       "      <th>Doc 6</th>\n",
       "      <th>Doc 7</th>\n",
       "      <th>Doc 8</th>\n",
       "      <th>Doc 9</th>\n",
       "    </tr>\n",
       "  </thead>\n",
       "  <tbody>\n",
       "    <tr>\n",
       "      <th>Doc 1</th>\n",
       "      <td>1.000000</td>\n",
       "      <td>0.853416</td>\n",
       "      <td>0.220219</td>\n",
       "      <td>1.000000</td>\n",
       "      <td>0.529159</td>\n",
       "      <td>0.791818</td>\n",
       "      <td>0.626975</td>\n",
       "      <td>0.626975</td>\n",
       "      <td>0.262316</td>\n",
       "      <td>0.182590</td>\n",
       "      <td>0.177284</td>\n",
       "      <td>0.177284</td>\n",
       "      <td>0.529159</td>\n",
       "      <td>0.853416</td>\n",
       "      <td>0.256386</td>\n",
       "    </tr>\n",
       "    <tr>\n",
       "      <th>Doc 10</th>\n",
       "      <td>0.853416</td>\n",
       "      <td>1.000000</td>\n",
       "      <td>0.187938</td>\n",
       "      <td>0.853416</td>\n",
       "      <td>0.451593</td>\n",
       "      <td>0.675750</td>\n",
       "      <td>0.853416</td>\n",
       "      <td>0.853416</td>\n",
       "      <td>0.223864</td>\n",
       "      <td>0.155825</td>\n",
       "      <td>0.151297</td>\n",
       "      <td>0.151297</td>\n",
       "      <td>0.451593</td>\n",
       "      <td>1.000000</td>\n",
       "      <td>0.218804</td>\n",
       "    </tr>\n",
       "    <tr>\n",
       "      <th>Doc 11</th>\n",
       "      <td>0.220219</td>\n",
       "      <td>0.187938</td>\n",
       "      <td>1.000000</td>\n",
       "      <td>0.220219</td>\n",
       "      <td>0.550435</td>\n",
       "      <td>0.278118</td>\n",
       "      <td>0.220219</td>\n",
       "      <td>0.220219</td>\n",
       "      <td>0.278769</td>\n",
       "      <td>0.888948</td>\n",
       "      <td>0.188404</td>\n",
       "      <td>0.188404</td>\n",
       "      <td>0.550435</td>\n",
       "      <td>0.187938</td>\n",
       "      <td>0.079784</td>\n",
       "    </tr>\n",
       "    <tr>\n",
       "      <th>Doc 12</th>\n",
       "      <td>1.000000</td>\n",
       "      <td>0.853416</td>\n",
       "      <td>0.220219</td>\n",
       "      <td>1.000000</td>\n",
       "      <td>0.529159</td>\n",
       "      <td>0.791818</td>\n",
       "      <td>0.626975</td>\n",
       "      <td>0.626975</td>\n",
       "      <td>0.262316</td>\n",
       "      <td>0.182590</td>\n",
       "      <td>0.177284</td>\n",
       "      <td>0.177284</td>\n",
       "      <td>0.529159</td>\n",
       "      <td>0.853416</td>\n",
       "      <td>0.256386</td>\n",
       "    </tr>\n",
       "    <tr>\n",
       "      <th>Doc 13</th>\n",
       "      <td>0.529159</td>\n",
       "      <td>0.451593</td>\n",
       "      <td>0.550435</td>\n",
       "      <td>0.529159</td>\n",
       "      <td>1.000000</td>\n",
       "      <td>0.668284</td>\n",
       "      <td>0.529159</td>\n",
       "      <td>0.529159</td>\n",
       "      <td>0.572403</td>\n",
       "      <td>0.509931</td>\n",
       "      <td>0.386855</td>\n",
       "      <td>0.386855</td>\n",
       "      <td>1.000000</td>\n",
       "      <td>0.451593</td>\n",
       "      <td>0.167355</td>\n",
       "    </tr>\n",
       "    <tr>\n",
       "      <th>Doc 14</th>\n",
       "      <td>0.791818</td>\n",
       "      <td>0.675750</td>\n",
       "      <td>0.278118</td>\n",
       "      <td>0.791818</td>\n",
       "      <td>0.668284</td>\n",
       "      <td>1.000000</td>\n",
       "      <td>0.791818</td>\n",
       "      <td>0.791818</td>\n",
       "      <td>0.331283</td>\n",
       "      <td>0.230595</td>\n",
       "      <td>0.223896</td>\n",
       "      <td>0.223896</td>\n",
       "      <td>0.668284</td>\n",
       "      <td>0.675750</td>\n",
       "      <td>0.323794</td>\n",
       "    </tr>\n",
       "    <tr>\n",
       "      <th>Doc 15</th>\n",
       "      <td>0.626975</td>\n",
       "      <td>0.853416</td>\n",
       "      <td>0.220219</td>\n",
       "      <td>0.626975</td>\n",
       "      <td>0.529159</td>\n",
       "      <td>0.791818</td>\n",
       "      <td>1.000000</td>\n",
       "      <td>1.000000</td>\n",
       "      <td>0.262316</td>\n",
       "      <td>0.182590</td>\n",
       "      <td>0.177284</td>\n",
       "      <td>0.177284</td>\n",
       "      <td>0.529159</td>\n",
       "      <td>0.853416</td>\n",
       "      <td>0.256386</td>\n",
       "    </tr>\n",
       "    <tr>\n",
       "      <th>Doc 2</th>\n",
       "      <td>0.626975</td>\n",
       "      <td>0.853416</td>\n",
       "      <td>0.220219</td>\n",
       "      <td>0.626975</td>\n",
       "      <td>0.529159</td>\n",
       "      <td>0.791818</td>\n",
       "      <td>1.000000</td>\n",
       "      <td>1.000000</td>\n",
       "      <td>0.262316</td>\n",
       "      <td>0.182590</td>\n",
       "      <td>0.177284</td>\n",
       "      <td>0.177284</td>\n",
       "      <td>0.529159</td>\n",
       "      <td>0.853416</td>\n",
       "      <td>0.256386</td>\n",
       "    </tr>\n",
       "    <tr>\n",
       "      <th>Doc 3</th>\n",
       "      <td>0.262316</td>\n",
       "      <td>0.223864</td>\n",
       "      <td>0.278769</td>\n",
       "      <td>0.262316</td>\n",
       "      <td>0.572403</td>\n",
       "      <td>0.331283</td>\n",
       "      <td>0.262316</td>\n",
       "      <td>0.262316</td>\n",
       "      <td>1.000000</td>\n",
       "      <td>0.365310</td>\n",
       "      <td>0.277140</td>\n",
       "      <td>0.277140</td>\n",
       "      <td>0.572403</td>\n",
       "      <td>0.223864</td>\n",
       "      <td>0.048674</td>\n",
       "    </tr>\n",
       "    <tr>\n",
       "      <th>Doc 4</th>\n",
       "      <td>0.182590</td>\n",
       "      <td>0.155825</td>\n",
       "      <td>0.888948</td>\n",
       "      <td>0.182590</td>\n",
       "      <td>0.509931</td>\n",
       "      <td>0.230595</td>\n",
       "      <td>0.182590</td>\n",
       "      <td>0.182590</td>\n",
       "      <td>0.365310</td>\n",
       "      <td>1.000000</td>\n",
       "      <td>0.246893</td>\n",
       "      <td>0.246893</td>\n",
       "      <td>0.509931</td>\n",
       "      <td>0.155825</td>\n",
       "      <td>0.055681</td>\n",
       "    </tr>\n",
       "    <tr>\n",
       "      <th>Doc 5</th>\n",
       "      <td>0.177284</td>\n",
       "      <td>0.151297</td>\n",
       "      <td>0.188404</td>\n",
       "      <td>0.177284</td>\n",
       "      <td>0.386855</td>\n",
       "      <td>0.223896</td>\n",
       "      <td>0.177284</td>\n",
       "      <td>0.177284</td>\n",
       "      <td>0.277140</td>\n",
       "      <td>0.246893</td>\n",
       "      <td>1.000000</td>\n",
       "      <td>1.000000</td>\n",
       "      <td>0.386855</td>\n",
       "      <td>0.151297</td>\n",
       "      <td>0.032896</td>\n",
       "    </tr>\n",
       "    <tr>\n",
       "      <th>Doc 6</th>\n",
       "      <td>0.177284</td>\n",
       "      <td>0.151297</td>\n",
       "      <td>0.188404</td>\n",
       "      <td>0.177284</td>\n",
       "      <td>0.386855</td>\n",
       "      <td>0.223896</td>\n",
       "      <td>0.177284</td>\n",
       "      <td>0.177284</td>\n",
       "      <td>0.277140</td>\n",
       "      <td>0.246893</td>\n",
       "      <td>1.000000</td>\n",
       "      <td>1.000000</td>\n",
       "      <td>0.386855</td>\n",
       "      <td>0.151297</td>\n",
       "      <td>0.032896</td>\n",
       "    </tr>\n",
       "    <tr>\n",
       "      <th>Doc 7</th>\n",
       "      <td>0.529159</td>\n",
       "      <td>0.451593</td>\n",
       "      <td>0.550435</td>\n",
       "      <td>0.529159</td>\n",
       "      <td>1.000000</td>\n",
       "      <td>0.668284</td>\n",
       "      <td>0.529159</td>\n",
       "      <td>0.529159</td>\n",
       "      <td>0.572403</td>\n",
       "      <td>0.509931</td>\n",
       "      <td>0.386855</td>\n",
       "      <td>0.386855</td>\n",
       "      <td>1.000000</td>\n",
       "      <td>0.451593</td>\n",
       "      <td>0.167355</td>\n",
       "    </tr>\n",
       "    <tr>\n",
       "      <th>Doc 8</th>\n",
       "      <td>0.853416</td>\n",
       "      <td>1.000000</td>\n",
       "      <td>0.187938</td>\n",
       "      <td>0.853416</td>\n",
       "      <td>0.451593</td>\n",
       "      <td>0.675750</td>\n",
       "      <td>0.853416</td>\n",
       "      <td>0.853416</td>\n",
       "      <td>0.223864</td>\n",
       "      <td>0.155825</td>\n",
       "      <td>0.151297</td>\n",
       "      <td>0.151297</td>\n",
       "      <td>0.451593</td>\n",
       "      <td>1.000000</td>\n",
       "      <td>0.218804</td>\n",
       "    </tr>\n",
       "    <tr>\n",
       "      <th>Doc 9</th>\n",
       "      <td>0.256386</td>\n",
       "      <td>0.218804</td>\n",
       "      <td>0.079784</td>\n",
       "      <td>0.256386</td>\n",
       "      <td>0.167355</td>\n",
       "      <td>0.323794</td>\n",
       "      <td>0.256386</td>\n",
       "      <td>0.256386</td>\n",
       "      <td>0.048674</td>\n",
       "      <td>0.055681</td>\n",
       "      <td>0.032896</td>\n",
       "      <td>0.032896</td>\n",
       "      <td>0.167355</td>\n",
       "      <td>0.218804</td>\n",
       "      <td>1.000000</td>\n",
       "    </tr>\n",
       "  </tbody>\n",
       "</table>\n",
       "</div>"
      ],
      "text/plain": [
       "           Doc 1    Doc 10    Doc 11    Doc 12    Doc 13    Doc 14    Doc 15  \\\n",
       "Doc 1   1.000000  0.853416  0.220219  1.000000  0.529159  0.791818  0.626975   \n",
       "Doc 10  0.853416  1.000000  0.187938  0.853416  0.451593  0.675750  0.853416   \n",
       "Doc 11  0.220219  0.187938  1.000000  0.220219  0.550435  0.278118  0.220219   \n",
       "Doc 12  1.000000  0.853416  0.220219  1.000000  0.529159  0.791818  0.626975   \n",
       "Doc 13  0.529159  0.451593  0.550435  0.529159  1.000000  0.668284  0.529159   \n",
       "Doc 14  0.791818  0.675750  0.278118  0.791818  0.668284  1.000000  0.791818   \n",
       "Doc 15  0.626975  0.853416  0.220219  0.626975  0.529159  0.791818  1.000000   \n",
       "Doc 2   0.626975  0.853416  0.220219  0.626975  0.529159  0.791818  1.000000   \n",
       "Doc 3   0.262316  0.223864  0.278769  0.262316  0.572403  0.331283  0.262316   \n",
       "Doc 4   0.182590  0.155825  0.888948  0.182590  0.509931  0.230595  0.182590   \n",
       "Doc 5   0.177284  0.151297  0.188404  0.177284  0.386855  0.223896  0.177284   \n",
       "Doc 6   0.177284  0.151297  0.188404  0.177284  0.386855  0.223896  0.177284   \n",
       "Doc 7   0.529159  0.451593  0.550435  0.529159  1.000000  0.668284  0.529159   \n",
       "Doc 8   0.853416  1.000000  0.187938  0.853416  0.451593  0.675750  0.853416   \n",
       "Doc 9   0.256386  0.218804  0.079784  0.256386  0.167355  0.323794  0.256386   \n",
       "\n",
       "           Doc 2     Doc 3     Doc 4     Doc 5     Doc 6     Doc 7     Doc 8  \\\n",
       "Doc 1   0.626975  0.262316  0.182590  0.177284  0.177284  0.529159  0.853416   \n",
       "Doc 10  0.853416  0.223864  0.155825  0.151297  0.151297  0.451593  1.000000   \n",
       "Doc 11  0.220219  0.278769  0.888948  0.188404  0.188404  0.550435  0.187938   \n",
       "Doc 12  0.626975  0.262316  0.182590  0.177284  0.177284  0.529159  0.853416   \n",
       "Doc 13  0.529159  0.572403  0.509931  0.386855  0.386855  1.000000  0.451593   \n",
       "Doc 14  0.791818  0.331283  0.230595  0.223896  0.223896  0.668284  0.675750   \n",
       "Doc 15  1.000000  0.262316  0.182590  0.177284  0.177284  0.529159  0.853416   \n",
       "Doc 2   1.000000  0.262316  0.182590  0.177284  0.177284  0.529159  0.853416   \n",
       "Doc 3   0.262316  1.000000  0.365310  0.277140  0.277140  0.572403  0.223864   \n",
       "Doc 4   0.182590  0.365310  1.000000  0.246893  0.246893  0.509931  0.155825   \n",
